0.13859668283039847,0.024067540697877005,0.0474904624215376,0.7898453140501893

0.2531433558194947,0.25077330818705046,0.22486578360352386,0.27121755239219847
0.3045226814895293,0.2642737592839601,0.17827997813268795,0.2529235810946221
0.22586973020440718,0.2707572253908119,0.27367869330640665,0.22969435109684186
0.2689090992230022,0.16078386081917026,0.265408124718954,0.30489891523839235

0.22610385165957703,0.15927971580558425,0.06104961946518925,0.061965455207427744,0.05275740344225354,0.045805973642332375,0.0406670375530815,0.05200635479935755,0.023756827566863446,0.038162471412811025,0.029544428883102394,0.016477134916692986,0.03446430834766141,0.019742139695195924,0.022637114471472475,0.02073912761474751,0.018605297457237654,0.009258857842521149,0.0067179720513774405,0.009012642347864886,0.004580512127644825,0.004264025506928978,0.004103796363544577,0.03829793182215874
0.27507300726204204,0.12027189736863796,0.06947746004535181,0.05974598525695496,0.04215200208221599,0.045437507328755594,0.033579346739844584,0.03404450920465431,0.037182918519284215,0.03009426366916802,0.029549142826697593,0.03703387937212861,0.025429018532918447,0.016256414875734947,0.013180633216978098,0.018069409956327453,0.01813852795179976,0.004968430100643388,0.007578877845907895,0.005933112103273818,0.006597001518580859,0.004847732255837172,0.003561796944996155,0.06179712502279805
0.2099901012916856,0.13414092882505455,0.06611736749909136,0.07582587719834433,0.09192852771272794,0.05252813138465909,0.039130866312273097,0.03856922591750378,0.03027712643151451,0.029383936183670994,0.03594572553407439,0.03105417816984385,0.023090952999822223,0.016273016700071023,0.015213631563052915,0.015905131646437497,0.013141156024083191,0.009659907590473448,0.011727258905905475,0.01084075876711075,0.007074671419881997,0.002784719452784353,0.002868393988078927,0.03652840848181906
0.2628762047535609,0.19493067484240303,0.08276775634197925,0.06171626160269199,0.043608684285743146,0.029802140963169646,0.038242651117819326,0.026842905990072993,0.030909625955971493,0.02097397590676276,0.022178731582212216,0.019520993402742437,0.01948431227907473,0.022238723708472588,0.020804310101607496,0.0159215951619826,0.008251638880169849,0.007799596992010209,0.005612014361871532,0.004633097500400241,0.003425001275485949,0.00333376552250152,0.0023292959678153625,0.0517960415033429
