0.665336036446001,0.24539643869680192,0.030119284311817224,0.05914824054540193

0.28191199057864513,0.23720158893552143,0.2538130717825605,0.2270733487032194
0.22633284160002953,0.20125407296000195,0.24228584927002186,0.3301272361701037
0.2269825366898323,0.25183853345646706,0.2887081289007653,0.2324708009542555
0.2918851012548069,0.22597065166420768,0.20994761876905976,0.2721966283134045

0.2775382538234827,0.18551218345798887,0.07303965275450107,0.04439028978250109,0.05814245225091627,0.042186966247727185,0.029889431066183386,0.03776087775387078,0.024277889179733027,0.022026911849551082,0.02347987066440818,0.027182625719651056,0.02127352082808027,0.0188056791371019,0.016461431309308848,0.017896936515266297,0.011115308717870243,0.006896279988929209,0.005253984638581528,0.006724359899531022,0.0055069463249399885,0.0028257320091188793,0.0020392826354153075,0.003628518922557752,0.036144614522377425
0.20378086455618852,0.15740641894339577,0.08665934316184347,0.06515796895233229,0.04518775052091987,0.0384761643689022,0.03449909438753497,0.03425258818982875,0.040575204638795916,0.025838261804538742,0.024390056845621812,0.03424962186926633,0.038072023873554496,0.020216277550865584,0.02351984845680884,0.014801761976673345,0.019755206039694998,0.010830935863412433,0.009804355162809775,0.007512536550928525,0.003361262614687803,0.004853898046212884,0.003978884946701495,0.0045454023935123265,0.04827426828590526
0.27512415619292085,0.12056271759447422,0.048439602770866695,0.08546640044589278,0.04747167654803091,0.048603219719527184,0.04752598742177846,0.0429856591964372,0.027835534460515097,0.031182082782739033,0.03232224400347118,0.019418992847766308,0.0212673142153981,0.013489796809710167,0.020479652928280082,0.021594992504406413,0.015569891379688278,0.008170355015667444,0.006861940389224302,0.008362386161256076,0.005623721475172093,0.004823253735057077,0.0021404888676098974,0.002304159681286353,0.04237377285508464
0.21530215332577526,0.1504388420550694,0.07283158609291523,0.06446616363017423,0.07544133222087916,0.04263723051402674,0.04000831989826702,0.036497216152453174,0.02976612831664304,0.03886984559652907,0.03565317655437293,0.022163297194332902,0.023321937559791395,0.022440865619912653,0.013042548676247927,0.016321674841213763,0.012039190744477634,0.006299520698665098,0.009462636966316105,0.0076487459252816865,0.006612594675916918,0.002889039784270199,0.004701455577406215,0.002185068061913868,0.048959429319595446
