0.31275053666930136,0.11520567145806036,0.23126814752051633,0.3407756443521247

0.22023521470035087,0.2180783687816467,0.2847578324414139,0.27692858407810944
0.2698429689740261,0.2593315150878312,0.25636305193950076,0.21446246399943025
0.22618314348569746,0.2746693318223302,0.31923816331943006,0.17990936137262073
0.30251680703635586,0.18221869243422587,0.18791308287452696,0.3273514176545901

0.2777582435195194,0.1576820111545678,0.061325769106226356,0.0505030192955278,0.058841438781438556,0.041804137894549676,0.041680464463152204,0.035638149524777236,0.023056596621261957,0.03195514771236292,0.032873798950298495,0.022995703322823947,0.020821823306134683,0.02018982130303251,0.017838762603642335,0.01649811342629282,0.011000555533096996,0.005103931099599091,0.0077106203565541894,0.004868237815593036,0.005384319287724825,0.05446933492320874
0.27879831285967566,0.13963237505142473,0.059755473822735335,0.06243265444029295,0.04782925757361344,0.043117947991281415,0.042373937822686725,0.05744534347425204,0.028992357795113492,0.023911981385949264,0.02735717309970842,0.019593644500100284,0.02893068124561473,0.01250042553468851,0.019794889278247227,0.02034659534993963,0.015177119658386726,0.007979839133730902,0.006358257323715385,0.008933448139392007,0.0032350965095032506,0.045503188010022545
0.20411948023380144,0.15763259301714952,0.07873190907191424,0.09270911648037586,0.030995438620281434,0.05134291145971102,0.03495676635492616,0.03524440014112397,0.03627869106260285,0.03391489630615712,0.026374002662811816,0.024018536150619173,0.032082426230289875,0.02317399335599765,0.015996367577645793,0.020172754436414666,0.01387565258084923,0.011970415600824099,0.006953228757384767,0.010220510569493886,0.0029678424576550866,0.05626806687112115
0.2173986991571728,0.15860423680951874,0.0792449096602982,0.051546136092862294,0.09148432385885,0.035493379970419764,0.03334798396675673,0.02476855494885367,0.03280032691662972,0.028058346252084365,0.029750776773689716,0.0353602899095863,0.020787410609533836,0.018551351447668615,0.019305832546572792,0.01378967496336222,0.017880808775973412,0.006613324237683171,0.010169386662084308,0.006191404873982106,0.009748826910768393,0.0591040146550845
