0.5021704675886575,0.2596048834971619,0.21248539133057534,0.025739257583592037

0.20271917111537446,0.30329708990484,0.1986367607615679,0.29534697822047856
0.20369406181585697,0.2548341730205303,0.2835236035701433,0.2579481615956002
0.30972212761829354,0.2464375403621144,0.23725823792485792,0.2065820940928945
0.29136071078271475,0.24489888835952703,0.2748648250091138,0.18887557584433526

0.21505564040790628,0.18269906714027404,0.0534832096258818,0.0755543947383727,0.06778879926381925,0.032922703601833254,0.036341952354656544,0.02704934134100314,0.03426294990217434,0.028829179830408592,0.01988455988376707,0.023072531891064063,0.0387256853324688,0.024655742723764515,0.020021324525656026,0.012627168787152943,0.01740404572631699,0.008037183539920065,0.00987075060775101,0.005746882418349823,0.005161180494363723,0.004091569086352629,0.004309958712291351,0.0021029877198012843,0.002618710146720934,0.047682480200422935
0.22736621529086093,0.16951824434484036,0.08061781116292088,0.07575121764669401,0.05809390195888114,0.039685779016874326,0.0345905137301187,0.03835651248625099,0.03550030281820257,0.025177674448200342,0.030418418793969892,0.025238802445189803,0.021562826876478838,0.01510272634183214,0.015137286024209898,0.019352981117797347,0.014461600869359461,0.009203704234171509,0.007094066916162127,0.00624278772567008,0.005162921632919665,0.0038951148715819744,0.0031957696110705325,0.003403737232163293,0.002728140096660458,0.033140942309088345
0.2544012018046485,0.15116995724536275,0.05024349533226247,0.0622168218458046,0.05892500535970136,0.04698635009271004,0.04739387477749335,0.05021011708492995,0.028627627875544213,0.03210083545570934,0.03350312350287018,0.020983617840364278,0.020394661359013702,0.019388756898402075,0.021323792805524856,0.018752364131214852,0.010271185642201967,0.007183534615060485,0.0074820400819497115,0.01077295432422043,0.003609330664286735,0.00327212769277944,0.002425589292982895,0.0028931350730964406,0.002657354851624784,0.032811144348601315
0.28019781867560567,0.10827238089200018,0.0963544248163616,0.04346978686651643,0.04277522959303811,0.053301129220259404,0.033676057722582906,0.036045505197839445,0.02235264011293769,0.03275940906808116,0.032738932248203005,0.03328864534653545,0.021955899953701993,0.015966453404680024,0.01629955832972261,0.020072499020369332,0.015684464254610318,0.007311496535650197,0.006765680032740092,0.007548974214221999,0.0075109197629349405,0.003955736605260403,0.0028963591504357934,0.004154821651229445,0.004338494387048891,0.05030668293416551
