0.5582989228509507,0.012728729236089519,0.044758233842684396,0.384214114070271

0.1942444261277294,0.22834164240740357,0.2838912051815885,0.29352272628379533
0.18718525924679105,0.23252511853659866,0.3151453207638501,0.26514430145031087
0.2416472731181852,0.28032544621609146,0.30745087513094305,0.17057640553222286
0.28538931006700236,0.2730542087643469,0.22625874464965343,0.21529773652150946

0.2577923846181388,0.1945685038906797,0.06577245165036998,0.06821764252031251,0.05059504100496874,0.04808394551176035,0.03251618127650555,0.02747743864189413,0.025224362696716934,0.022935198478784353,0.029356767307204056,0.01940615764233086,0.019971417877152314,0.015583091960132172,0.015644149671117446,0.017574079302857808,0.013582625613890623,0.005179889510309819,0.009597629078788097,0.006174500169601136,0.005765504443134071,0.0030673695249856746,0.045913667608220056
0.21503671583145997,0.11458936515282382,0.09692294670119328,0.07121282573978567,0.06684834354322107,0.03809626035373055,0.03889283823907489,0.0447227917275335,0.030182132392942713,0.0344373012708631,0.031085547400220646,0.03032036960774371,0.02467964939519477,0.018310074280723208,0.020512921708436584,0.01863928271901295,0.0184421128881027,0.010424911629269234,0.008060682579343599,0.006225911453862561,0.00702941192781927,0.004549408770880073,0.05077819468494406
0.27907644031188344,0.11538292557953812,0.04566638669106482,0.07906138264764286,0.04300763226478287,0.04687448211600671,0.031929509879240425,0.04115799331839718,0.03143732100474486,0.029120040474076826,0.031044428097435274,0.02319737112131869,0.030261048219667616,0.01900601732857738,0.02089161541298423,0.01846066808157605,0.013714086178099036,0.009974121169143979,0.00778834067576822,0.009903667550489213,0.0046120644081901726,0.004461733668828858,0.06397072379734002
0.21746686304663615,0.20335260228601137,0.07450767200104136,0.03638228018287085,0.06997110241150767,0.0388567994658391,0.049780888926301135,0.03670761843894083,0.034208628469449345,0.03148804463987292,0.02428663379631154,0.029225146011090428,0.026692831359176654,0.02209054922198677,0.01477551697760134,0.015816271596344716,0.011829223301088909,0.005508673395268236,0.0058133158579100385,0.0074840010267125,0.003948890618437241,0.0029032498883693647,0.03690319708312001
