0.035226489047806106,0.2268882881752178,0.07464097678995205,0.6632442459870291

0.2460167643464666,0.3017191324539339,0.2581834770107649,0.1940806261879227
0.30612730651902037,0.19515177343626022,0.2546438914056894,0.2440770286417234
0.2498931263424314,0.18175959288763663,0.2998495586051123,0.2684977221619181
0.17876986109470033,0.28564402811457146,0.24071259166639025,0.29487351912709014

0.2568877831735367,0.10840505998550601,0.06193776903867716,0.08434526671990301,0.04904992648207141,0.03166778447029762,0.026127506216946095,0.04825380629802916,0.03857921193315725,0.03680891017863551,0.035780419094219126,0.021294012582234876,0.022621924446955936,0.020328487566461374,0.02372848022651474,0.02295277065496941,0.01639777204422839,0.008939044999254341,0.0070016689617945,0.0076113502433137435,0.07128104468119459
0.24635861029160755,0.16229396966502285,0.045995703771071796,0.05368196958531595,0.05841952825850352,0.05572449965289841,0.04034443356019728,0.04342027103543906,0.028668513819526092,0.027694651659157632,0.026447888799635336,0.025886021934335864,0.03258514587290814,0.020477646719388235,0.015589055497858717,0.02065596220139437,0.017327339955769294,0.006828855470000205,0.009821497525192758,0.008830135131219205,0.052948299595938726
0.26678218675973703,0.1433152827457411,0.0772458184980723,0.06267235394369765,0.0632807363141231,0.04732015234585259,0.0455020220681728,0.03285055277260022,0.027358829657774673,0.031526116481608656,0.022092600391132252,0.024421282311777405,0.01943291419191558,0.018957821698542165,0.012560856523956516,0.012761579863671305,0.013928832706290436,0.0072765894111349,0.009187430722384673,0.0074581893834190175,0.05406785120728404
0.20357663672878337,0.20041669311696608,0.09323891647408593,0.058057258652128504,0.05712274078065362,0.037499770843262316,0.0394173566213198,0.027913897906669156,0.027094882621549795,0.02245892291420239,0.03248166386037053,0.030572797486794482,0.02857071946111933,0.015419239206821252,0.02114943305106428,0.01489813289983958,0.010341093086161181,0.008801145490623353,0.005219191978862724,0.006384713160229578,0.05936479366156819
