0.10127468065059167,0.5084851934359348,0.2015549252265271,0.18868520068694736

0.22099166714215737,0.32786747174162534,0.26854835928854504,0.18259250182767772
0.2314284417815747,0.22802240028887974,0.18571747319421192,0.3548316847306114
0.2651303390781114,0.21982736598321062,0.28098759169036674,0.23405470324777727
0.1937337391316219,0.19680680879978907,0.33499967329070574,0.2744597787892778

0.21655884509499218,0.12790847826359422,0.09532141231019672,0.12833294159745864,0.04546606944738977,0.06390130165932363,0.022779807757116098,0.02465292843849293,0.019117938577256025,0.015888554693237873,0.020193899555679684,0.015190783425857092,0.014304242865136213,0.012830609270185473,0.010716222905916877,0.014401595528596694,0.010668383963363802,0.008926952247861452,0.006253654348598648,0.007019488910118216,0.11956588913204205
0.20235907229315175,0.161799930513054,0.13760216753093973,0.10660809247984768,0.047487181063418586,0.036119851979231864,0.036081032581303955,0.032443813985248815,0.01584346761546932,0.017360878469677286,0.014529713605303515,0.014723162848319368,0.010140679383055854,0.011904158903343051,0.011759302000414555,0.01052527419199482,0.012593018036364555,0.009790201388998073,0.008066231771922908,0.006844603720235046,0.09541816563096753
0.2341343825559829,0.11813352621243424,0.11869918861459261,0.11940106910652146,0.06494391100311443,0.029316674235882627,0.026543161185376852,0.02221913921080871,0.023092496430804903,0.016855384705422884,0.014461437089781193,0.01902352499338018,0.015269321144558659,0.012571742087772743,0.011228261087591446,0.009247069117631368,0.011023285842286911,0.009484530939393993,0.008983178346291575,0.005514606856905936,0.1098541092330391
0.19278223459975324,0.1673274265162734,0.1105070101347077,0.09639903721697403,0.06592664968334609,0.04994715975265506,0.034830837906015835,0.01857922610738304,0.028167319935670343,0.018007097313962054,0.015601080866476729,0.012204357709744283,0.013665751540452043,0.009227158710929554,0.01231679518818338,0.012274651832539328,0.01028085525200237,0.007283713009368806,0.00863016621686658,0.007345728094031919,0.10869574241908932
