0.3878391547402864,0.029121341402304712,0.07618030239187797,0.506859201465532

0.2345807987305692,0.2985889950593733,0.27288245554574864,0.19394775065480185
0.2525341258743087,0.2613015291576493,0.24962851711589623,0.23653582785316707
0.2482465713704259,0.22433970739150638,0.3100047455944779,0.21740897565053724
0.15021935822641946,0.2441906316885124,0.22047817056250088,0.3851118395122535

0.14869010967059532,0.1698475351112988,0.12900684740511598,0.15330509669632747,0.07242541926331418,0.03926719869045557,0.024693122665181658,0.02647170353052325,0.016067466164115616,0.018054070644050308,0.021101371165022535,0.015023138073975697,0.009848567792787132,0.007408900527170595,0.012159384773937023,0.014426320305413964,0.011843477379595237,0.007168457188842125,0.007442704650828732,0.00822701247480745,0.006989425650677546,0.008351654635777426,0.0058984445987846365,0.005475028097964417,0.006340241710588414,0.05446730112271309
0.23047173125482084,0.12643032137432153,0.09322176848826293,0.12233236843170098,0.08118840503836242,0.04469337683231072,0.02968374380780115,0.022935728761033138,0.023463065142542084,0.019604303044447484,0.013051827043827272,0.016107163183256085,0.009628960811343906,0.013149678188385971,0.010548944687022863,0.010333145382223555,0.013016183819219136,0.00680114169525691,0.008970882394586035,0.005081994827398021,0.005745361331767066,0.004945637969086288,0.004643437765027352,0.006675788199837863,0.003035186700462703,0.07423985382977656
0.17691779290858425,0.17374510860501702,0.09458093576316032,0.1446481438179271,0.039327295537483806,0.04538883007614112,0.029388386794223252,0.027960998098115645,0.018784490296724157,0.018270868933847554,0.018749521883854786,0.01501822052043992,0.01636332554532281,0.013533570995904076,0.011370089833283675,0.009115425617919531,0.008610136728563915,0.00973065790609265,0.0076263169096970436,0.006037588855495213,0.00412909227018084,0.004948205533286906,0.006646423451183752,0.004620504701206637,0.0036954723488056202,0.09079259607714524
0.2814515961775888,0.108428192082405,0.14793809903140234,0.03539468932085055,0.03641342277365308,0.04687600303892961,0.03598565900334129,0.02003777092503142,0.027946408851172996,0.01250607082405732,0.012122975750372083,0.015137415617292734,0.01708730090577825,0.011659952301350439,0.012095911496160938,0.012657673498179256,0.01120280425607462,0.011404556606516738,0.008079756958984533,0.007494688223230034,0.008837522144559525,0.007202348740690804,0.005084570576962297,0.00549221875682082,0.003984242340984007,0.09747814979056017
