0.32140456333663486,0.23107938000198386,0.1474503428133792,0.300065713848004

0.2941921442979258,0.1490171298850385,0.3066283905722574,0.2501623352401475
0.15503829057131668,0.2765779743973988,0.14221782007333145,0.42616591496220974
0.24067616145355836,0.16397094477488702,0.48703471537071114,0.10831817839508888
0.24101233092452015,0.40748979582880324,0.10406066075364646,0.2474372124846079

0.16822444277828072,0.13008859298733397,0.15557678432209338,0.12914200062103615,0.040120610389797355,0.05615150580526405,0.03817771122540362,0.027603073654532913,0.027929340230852424,0.01922633235008249,0.014641530362069175,0.018409208723409107,0.017380579131626463,0.012639496961774565,0.013575624849885505,0.012143478009718992,0.010958869157849167,0.006266150392265319,0.008302067625214044,0.007870181564156472,0.006094827366010131,0.006169837489325061,0.07330775399116593
0.26558945111579285,0.18384019895284714,0.09360483004254434,0.011605661171817125,0.038235813545923966,0.03700092646980451,0.03165633580269781,0.030011699636882577,0.024773010455523263,0.016862499387797398,0.01651334424246623,0.019113404455822998,0.01862006984357356,0.011108493346857113,0.011370712299003433,0.009253852053852155,0.011219814584684521,0.011746296972736766,0.009777190594756447,0.006332590381953416,0.0064573301484764254,0.007011437021549053,0.1282950374773192
0.14638773493857785,0.059678057590851506,0.11074676924584978,0.2954320744393698,0.1207394273553234,0.046463125728946425,0.015906147570404944,0.015062403902848489,0.011787156667327034,0.015256699222289307,0.013196333436560443,0.01002396155314923,0.006893072100586819,0.008816193166060337,0.011537050552041465,0.011090777954276829,0.008965837373163896,0.0042584092079477175,0.007299354424086764,0.005421830238122022,0.004124462262753517,0.003671111269793921,0.06724200979821811
0.26398457885684057,0.2018479870225631,0.10664818815966672,0.010644960213406858,0.024410880544640384,0.038371838225248145,0.035840741924777056,0.024998301172538123,0.023376617241091045,0.01711636395249639,0.019884901182942352,0.014210381174576917,0.011264338566945455,0.013935958641697957,0.009812767742603324,0.013623992530654366,0.013366848624747693,0.01300402594617597,0.0068811227357336,0.007131963278031684,0.008929512262210774,0.008330620701324327,0.11238310929392561
