0.44213280791511234,0.4598063211517478,0.0633770019294591,0.034683869003682866

0.3648357577869441,0.15828428348723483,0.2609744190537511,0.21590553968293408
0.2505524702647115,0.22558876755485296,0.22573328691029323,0.29812547527829686
0.2531733782948406,0.2470689397582786,0.24850541695188136,0.251252264992132
0.26668906518536994,0.26291239950839274,0.19217238868491984,0.27822614661514705

0.26899456240830605,0.14908385999688434,0.11705460243899493,0.0813219328780008,0.01852629807235872,0.03918995486833329,0.02506305885847687,0.019600838710862975,0.02208190370046615,0.01380921959034122,0.011900553817882121,0.017567495389580797,0.011986170896293842,0.008695037481899785,0.007536838483742753,0.013556555238929664,0.010145578584098001,0.009277737479537907,0.0067055089572090176,0.005674970892195633,0.007578395549262552,0.1346489257126798
0.15448779521528166,0.1525201642188554,0.14724855978853096,0.12610085866837206,0.08646910742434649,0.03677117029380951,0.03455011744129539,0.020749640131216114,0.016222029978845694,0.018481608837396496,0.019513888625999235,0.013921392057094785,0.014584166833857895,0.014817853127121267,0.01199714312447306,0.011605629416201581,0.009363525431368586,0.011519362113572566,0.008060415090311215,0.007457717548216507,0.005959481230392762,0.07759837340798643
0.2007548062167354,0.12037683454149825,0.10037415170184298,0.13212941794340827,0.04495226271242479,0.055360935657477794,0.035617629175561175,0.028071849478502695,0.029629999603803695,0.017143579546752243,0.01684615644805703,0.02067288472661759,0.01627956636672843,0.014886671602245972,0.012027764621589672,0.008345025471973208,0.011123049866418324,0.008479585540634015,0.010001026086535419,0.006069968233557757,0.0074987711815210556,0.10335806327333726
0.20630930449042106,0.15134041492462144,0.10125005897831219,0.11738554986634656,0.08388548889650106,0.04629227365219407,0.027145471291621544,0.02911622405546465,0.01909800474785903,0.019391491719321207,0.01713720695125836,0.009221611804754037,0.011356328715693455,0.009111062771131146,0.015119764600927836,0.01204389209175796,0.01372922260312014,0.006439150817799483,0.007776455595302835,0.0075991435760223765,0.004481826474716255,0.08477005137028007
