0.30811659399876545,0.014292208916500028,0.11055354466433732,0.5670376524203945

0.2999773361206862,0.22858793407912814,0.2722260034949582,0.19920872630382663
0.2629709837339324,0.2266484977872726,0.333288239825981,0.1770922786544145
0.2128713590156159,0.32944014832840673,0.20796855837430897,0.2497199342787733
0.20071261263693158,0.21447581055634365,0.2931896888314842,0.291621887972873

0.18383278802425307,0.14450256734682015,0.1095633144509569,0.06554289518601443,0.05348665188334076,0.035391935558161204,0.028717715872022542,0.03221802887228563,0.02924222795258268,0.02435299033123404,0.02321418822361652,0.016270060010953675,0.01404770048467856,0.013758359830652687,0.012540928119533529,0.01567698031845284,0.010629483335152436,0.013167481179520081,0.008162600099222999,0.0100966274564467,0.007800265064069958,0.0092338081986002,0.008305180842178048,0.00762459531530813,0.12262062604553241
0.2372457344881337,0.16283625587776018,0.06839920192308882,0.11192987477081799,0.06688751839798004,0.04325081747121933,0.0261381504310575,0.026605224940858204,0.019245510004007576,0.018072110787570705,0.01772761071940355,0.01340944533924279,0.017795846950881218,0.013797479518977985,0.013570066738737353,0.008196454714273585,0.011110368930418354,0.009679037726024745,0.0083377557405004,0.006054578284160651,0.005031807248325979,0.004778614010870444,0.005215237232605946,0.004176762978226613,0.0805085347703344
0.22918155523315092,0.150276196009823,0.1182937167357414,0.12245627621777073,0.06087534655277131,0.03478958733558791,0.03278902787085883,0.016926203124736246,0.013171494129573792,0.01259999624423685,0.01312955826199502,0.013909270791883277,0.012592434681216012,0.010848429755420106,0.007184833866187489,0.012800276371141343,0.01328156575360324,0.007535055001389708,0.00928634525226699,0.005467861324444808,0.005526079740695988,0.00473231832547576,0.0038980339168518856,0.004971853167559502,0.08347668433223047
0.19202905471657783,0.11406904865289703,0.17161633909928808,0.1505553086897344,0.043251467182160996,0.06615266508486328,0.032935189702246605,0.022078636032504588,0.02691195251622974,0.013509310837932208,0.010212510920935025,0.01814481567374343,0.008807734042235692,0.007749596838221755,0.01339255225055914,0.009231391798509913,0.009082599999854434,0.0049272363599895275,0.006116326668147693,0.005082400399934346,0.007476147230799942,0.006676653564212327,0.00501713285262648,0.005595672076359526,0.049378256806192004
