0.19789146737943433,0.04105513040443872,0.6286275779381691,0.13242582427795505

0.24234695631429648,0.3214911745930633,0.23808639342781482,0.19807547566030476
0.22408440815270078,0.35147617790555563,0.1878803693086372,0.236559044617646
0.19404958278827245,0.26459090919024036,0.33362456919118805,0.20773493882158126
0.26241232580829743,0.27347577524301,0.28103664925692595,0.18307524968901573

0.16320252613723665,0.1751939668672938,0.11902813109354925,0.12574298735049477,0.06191405702356909,0.03414387394097223,0.022133287390984024,0.03621677944553998,0.0218636820449222,0.01568836086519595,0.021629750041741176,0.020116924680165172,0.01628325406700926,0.012583563921502517,0.007809625311770644,0.01533226839480336,0.0129857904608453,0.008707144333544522,0.007911410178063278,0.005252353214010396,0.008497032150893848,0.00822680855870628,0.0064530933815007355,0.07308332913923848
0.26882861135328584,0.10611542770938585,0.08676068608878293,0.10904443567715265,0.09022085834770441,0.046078198906759654,0.03270542996195576,0.020553148120898885,0.01642015748643221,0.01769544620093301,0.015778865663069262,0.011131749105124602,0.009523391220116485,0.012447321084343472,0.00815372169316867,0.011603740697177617,0.009519565656746215,0.0068262004806728315,0.006857476870040109,0.00588637767534068,0.004487455391547319,0.00374197554549966,0.005002823162948954,0.09461693589178301
0.20137786589012574,0.153671363584569,0.15953664456416236,0.10368361648511855,0.016796348225931623,0.05351240114892493,0.03742789799678961,0.01828770958019502,0.021809613976664,0.01388753266283277,0.0127862970055641,0.014119831013396929,0.013779294903328066,0.0062735481160290365,0.01402548117353904,0.009750529533010083,0.010423596167750475,0.009290873538392691,0.008146694969247003,0.006867189968581327,0.0052003972376739906,0.006231785972287112,0.004942037463779791,0.09817144881756815
0.19354862977348392,0.15228939831965996,0.10096483583851279,0.11311052087507828,0.0502161516774527,0.04125458793865916,0.02624869399344118,0.024037560973952658,0.029448491275199367,0.0215096936189989,0.014514841956330581,0.017715310237155352,0.01543184515171752,0.015788392488553002,0.017446848332992065,0.00941865230355121,0.012301960321648306,0.01144659708457132,0.009814353663012854,0.009063990060790608,0.008388620127664805,0.007959980576224632,0.006167486599396792,0.09191255681086116
