4.544140125340932E-4,0.6921068412230099,0.19491179997915598,0.11252694478530173

0.3175594218391266,0.248196735279835,0.2710575173390083,0.16318632554218987
0.17609428948477243,0.27326607732745706,0.24037006146651504,0.31026957172129116
0.2124018648808147,0.22318724061564293,0.24442901020850633,0.31998188429535873
0.22127817464734953,0.34550857141629776,0.195926017191385,0.23728723674478294

0.4073945057957588,0.11798023453509866,0.035062198763443866,0.0654774739920467,0.0259952596678492,0.041443518839947006,0.0384495506474865,0.02661922523749144,0.016272528061707703,0.02763924924421522,0.011560762990786974,0.014971439671857675,0.0134481055007547,0.015462747288878507,0.012932858447401116,0.011425848055024196,0.012223399996172318,0.006766033181729433,0.012168633126916533,0.007225557554636831,0.008422942773181868,0.006586034645514449,0.006315077555070124,0.05815681442711432
0.30448610814076493,0.09431139663973252,0.11717233888410657,0.037543237666388986,0.06980645047170649,0.03421708111106149,0.029320004798213478,0.029869532076617338,0.02235767745582766,0.0290807117110869,0.018860978092885318,0.018424317683045793,0.013636855865731727,0.015409748550089811,0.017756600551244034,0.012344141376614751,0.013736685842556481,0.010475145270364942,0.008547129801892756,0.009688022653414187,0.009231944841604719,0.010893218967522569,0.006842233957540184,0.06598843758989205
0.3565879001518095,0.0891979047775222,0.0875027911100233,0.0612148312405183,0.04173762972227674,0.02831893511411169,0.03276250476255068,0.03880889730990192,0.026335136569807464,0.02283370698264945,0.019859026121790673,0.016661915411080534,0.01616541984655398,0.009813522937623487,0.010600147900851595,0.008781128568883023,0.009982814424779916,0.013180093068778624,0.010048598784756904,0.010016623228404731,0.00989761753953737,0.010108382904248966,0.004881847475675004,0.0647026240460142
0.35619153122600056,0.061197930347826716,0.09633785038162185,0.06211720195320412,0.038928604902813385,0.0381905044225303,0.03390783252218106,0.029289769438726476,0.04234998811907785,0.014862062321108187,0.02438274784875519,0.013829996248528745,0.013273868618082246,0.010333017076337905,0.008402461504223477,0.01645282121892439,0.010004051475755699,0.009401429801462583,0.00802956748628498,0.008763305794623272,0.006908191622053849,0.005207606682276826,0.0071553297957915665,0.0844823291917653
