0.05353419150464,0.09899761383697947,0.8345043489839358,0.012963845674444134

0.24729537366898427,0.18988429329511236,0.19903000317819886,0.3637903298575947
0.28971059855465886,0.17982577602716282,0.3190877939281445,0.21137583149000852
0.25712499693170965,0.18841377421301772,0.27108237247202055,0.2833788563833615
0.19053071832865068,0.2738769380782725,0.23807089277642798,0.29752145081692866

0.30212778803909185,0.10545830464176441,0.08020688039229648,0.07814063821086394,0.06926556803810113,0.03965631908130039,0.030829587183158404,0.022618526753062505,0.03093755259112196,0.02754351511866953,0.01966249378483299,0.015016595516321415,0.014510783115978379,0.016019608606441388,0.014117004792947977,0.017335029782868112,0.0118452046686733,0.009636695679328618,0.010703110152298738,0.010693082445627866,0.010244480833114829,0.06343123057197611
0.29705486670067466,0.09898075253148296,0.08548083788719169,0.0688099071626011,0.04027755813757565,0.045392631737819156,0.036031337054195096,0.03418311121964469,0.02894306262661783,0.0216664426404714,0.018869716432951773,0.023126713773393072,0.012872774706819056,0.009270276797696105,0.01199076709119635,0.01132919660284098,0.014101441029998241,0.010226788012099686,0.009761340681332784,0.01180644880049942,0.00848973288639781,0.10133429548665455
0.3969356769940545,0.08497097923123512,0.1109741268511112,0.03895982228045919,0.03475378891873406,0.030761302407888685,0.036210691865787,0.029626968437287356,0.020572076004706178,0.025500810175592265,0.011722086410422642,0.01618978134181252,0.013698829833833264,0.008298946559028167,0.011520995926869103,0.010365652053959718,0.013691994903961714,0.009519858932673401,0.010025643605692247,0.006728232791252776,0.0074531227733392194,0.07151861170025285
0.4003322737463009,0.07470950414901073,0.06923661550159083,0.042912894087700305,0.037596224314740766,0.02901604373008697,0.031228075055724915,0.03716089121221,0.028279342777203693,0.019990092353467954,0.024418283408728675,0.01155346669367564,0.014993473588962289,0.01653587338711389,0.012473685022342034,0.01071030597370222,0.007520485260492605,0.010514792462094162,0.008184046755503467,0.007406531314201092,0.008316160091499566,0.09691093911380069
