0.016856426049756713,0.9724191614277786,0.009478114669176562,0.0012462978532864508

0.255470633061373,0.17687142693965274,0.23895866388978068,0.32869927610919997
0.3190557594196476,0.22405159827849222,0.29620197069146553,0.16069067161079628
0.29146889165149786,0.2125178522904214,0.22893149839923957,0.2670817576586041
0.21010555148563198,0.2141852440252318,0.2808868134341168,0.29482239105488256

0.3557437877819779,0.08621750811689842,0.08045876771293783,0.06126405535472425,0.03357515145682293,0.029242318416149084,0.03194195857542685,0.020889115965881257,0.03757146127399091,0.021706120302915657,0.018895762076373796,0.02016074957410714,0.01722676515424119,0.01564760702304876,0.0136164816876529,0.014467159881144546,0.00992552999109442,0.009052765730066725,0.0095006124414343,0.011090647000622213,0.009675782357491499,0.00856574539420197,0.08356414673108285
0.3131521164689988,0.07662193249563466,0.14203764492879598,0.059920580769548135,0.05015115175143589,0.02821710095448117,0.03347453251689316,0.035023249018403556,0.019401616015361604,0.022486907633578454,0.029385766052971482,0.017768607870077044,0.01043982778236531,0.014044578631786543,0.009204119755092563,0.010614652186026993,0.010725845325320697,0.007213846188471118,0.008561854850546325,0.008185464309964427,0.010256028958859357,0.00875860010648618,0.07435397542938882
0.3244091684985128,0.12093750421072182,0.08242325678064515,0.04988438894646166,0.05918916774852674,0.04518192430919566,0.037453218280933225,0.03378056852216153,0.0291652997168845,0.02300171026944973,0.01368596244206883,0.010850113629466888,0.014432596287280348,0.010407151083591843,0.016605727435745305,0.013493962922840715,0.01404286448604555,0.010915757589380128,0.010450114203870669,0.007521068364043258,0.007364469545679773,0.006119811952913643,0.05868419277350978
0.4113787411691413,0.07380289495629383,0.05180540110316705,0.053420869854710715,0.03907003594961719,0.037945149391742435,0.03093376949942855,0.03556647093415093,0.020676077157907875,0.026810948999993263,0.01576186396985015,0.015587642163142049,0.013487211834496254,0.011256665563076987,0.010062762405796686,0.01051543566802095,0.011312431943214418,0.01214240205820068,0.009660803272238993,0.008844582167529915,0.00746242410415322,0.00958171542714922,0.08291370040672771
