0.00880848986245677,0.30608350106203774,0.5613238045213693,0.12378420455413598

0.3096258717559396,0.20381409744704723,0.29377348353933025,0.1927865472579874
0.2457094987446124,0.26249926267546414,0.2810885653486544,0.21070267323109187
0.2547876019134483,0.28079137306463997,0.17234949527448473,0.29207152974752487
0.3249683806897753,0.19934978955705937,0.24910637374995248,0.2265754560031007

0.3972379892178321,0.08560094008594313,0.05929101897825036,0.05612905436456657,0.03880259903100442,0.038737200457460604,0.027765617718411812,0.032839191257453715,0.02682408075944733,0.01770114880684849,0.019137597702789506,0.016521027714255135,0.013929183756372122,0.010439430688060063,0.014668869802379412,0.009410003479754146,0.010771873300818078,0.009198080488019865,0.009151216777352375,0.008282988115440528,0.0077138430141635485,0.005856272240047328,0.007149981541993987,0.003669910219116669,0.07317088048260148
0.2875764076071224,0.09991151171753711,0.10407635492838378,0.05825074660342793,0.03603903405303407,0.02551868011736221,0.040434138838325244,0.03840936148692181,0.03773924913524384,0.0323688816882525,0.024632141961575704,0.01797721762320364,0.015891560201625233,0.010743521386453245,0.00996241569818439,0.01046174960030354,0.013812132318901575,0.007344380103609206,0.013278191258412057,0.008076626055970223,0.008007967465752216,0.009177477032320585,0.007433049689756049,0.0065138050981238165,0.07636339833011574
0.35662707784589276,0.09504355627861968,0.10105233556441635,0.06447862307037841,0.05607004432467159,0.031054213721835987,0.030988880502908444,0.024446193410219374,0.02026458903941824,0.02628553825316673,0.011712281207244716,0.016030458282103248,0.013220224774350343,0.012171364260730438,0.008848292104392058,0.0125918365047695,0.012313056759538414,0.009930821381899097,0.007345981287962197,0.008830283793725604,0.00994096275781705,0.007579641411174445,0.006402033717952436,0.0063573273742143135,0.050414382370505904
0.3649915768697578,0.07936717055896605,0.08387007174857188,0.04396696480341428,0.050304087400009065,0.0466184635982629,0.03584708314798187,0.028653329085669258,0.023976589790947765,0.018863485726573096,0.020385988051028026,0.013390214836770338,0.013421233026624969,0.018421085918409012,0.016519109783138194,0.017702840364903247,0.009276836477470705,0.013744928146717168,0.00881805486491401,0.01085667793122209,0.008846499975498037,0.010966467662566355,0.004141277117708186,0.00710423619129174,0.04994572692150133
