0.6928573429159305,4.901084771017607E-4,0.3007864773620053,0.0058660712449615125

0.28382230104664363,0.2004671569936318,0.28900796618728747,0.22670257577180866
0.23811511929288415,0.3213127729146814,0.16174333634547308,0.2788287714464981
0.254548092912323,0.24178406253103668,0.23258712623460323,0.27108071832158703
0.22424345161990727,0.260696558273693,0.20056533819914157,0.3144946519062957

0.3794403891102813,0.10282625803305832,0.13233107715594924,0.04617614095267442,0.03295709169476257,0.03725996751450312,0.023557081367586344,0.02573815431823689,0.024265056812336393,0.014599730641564642,0.017461483327235336,0.019920375561034,0.012955542473383177,0.009772445939155423,0.009917646672575895,0.012720535687460859,0.008000778545507995,0.007081819174362563,0.007723165712058367,0.007791583714318939,0.007959761130959819,0.0053463533922798595,0.008578347597668018,0.0055201087893589846,0.005182511689573134,0.03491659299205222
0.3640512261489362,0.10104312243622462,0.03978879540303792,0.06240861069885537,0.0488380753305216,0.028100063955883454,0.03687217075034518,0.03349007641589854,0.018194202176076715,0.025304283122532693,0.02112613152973359,0.017723798599977914,0.01520042536183053,0.014299376202976726,0.011068744035344524,0.016194686427707147,0.013846504258573132,0.010790080775375377,0.012026213208010133,0.009383499461788701,0.009816183961142285,0.00872021342936688,0.005830302430790745,0.005428256312784535,0.00632321109475582,0.06413174647113835
0.3509596694501243,0.07818450267625343,0.11840476486340928,0.06258092527636211,0.03900536972825622,0.02874035686804101,0.026392397924037785,0.026887636165911947,0.04580917549990979,0.025279219630404498,0.019385418096497423,0.01380085743034177,0.011986247746579203,0.014821398877039605,0.011076697080317268,0.006784315397841855,0.014466632719598707,0.008910434214935472,0.010758935337641929,0.009581486347999843,0.00681973873621392,0.010103748156913025,0.004463948609938593,0.007385780323048505,0.004243803564078705,0.04316653927798447
0.3231200847089195,0.07709624673561313,0.06099637477633274,0.053381352883232,0.05758257941118053,0.046289684986637894,0.04478573081443213,0.03709043065872805,0.023045985228862618,0.02876175775415182,0.017594263040570025,0.012659661675163383,0.015798187456823747,0.012444494901740705,0.017436339702589017,0.012899088523652754,0.010218664597273506,0.012746713081611275,0.008089516892873981,0.009135882317789062,0.009471614591099894,0.008944779583608186,0.006280735563250808,0.005137858126075498,0.005278041329507433,0.08371393065761461
