0.006151660026401039,0.3509593341490118,0.5708398250937572,0.07204918073083025

0.3039990392371096,0.18289523812560138,0.21304591810741133,0.3000598045300893
0.23956255726077602,0.30207846367362184,0.19245742079142145,0.26590155827373535
0.2590603641666551,0.26580521381714234,0.2706248656572869,0.20450955635859053
0.2975141231458219,0.17458378829826565,0.26188874911686283,0.26601333943917743

0.41975905105411776,0.07979107018981572,0.05478217190865202,0.0487401051914345,0.038871190912589074,0.03945039913971448,0.03495434110987462,0.02574032872356236,0.019650139801598663,0.025384196233237247,0.014565160980294731,0.019311678003341836,0.016399720022524163,0.010782484377791645,0.01310508036074583,0.012846525465348,0.012161746711183401,0.010354648637691082,0.007947088894672832,0.007942758259082056,0.0874601140225845
0.2894513274219913,0.08728869727761862,0.1081167659088238,0.05336699142857328,0.04386515751542143,0.032390029802756175,0.0337360376031153,0.029338958228376295,0.03946330291687338,0.023291362415200273,0.030092359924648815,0.01441412176382457,0.016676900116603534,0.01384898475979721,0.012657919679414585,0.012796681517865508,0.012566078688545266,0.009148362415845136,0.009521462628924789,0.008380299548328444,0.11958819843678395
0.2865995637065149,0.0990821502494062,0.11375150382583846,0.06370786706725687,0.0673631733279177,0.02987351325042842,0.03372162483262939,0.03192350536933978,0.03277254044734993,0.025817577846578198,0.02067146821183415,0.019901794276315006,0.012904399570597578,0.016535046479472452,0.01120896618669851,0.010329837102896065,0.010583193347758436,0.012114520098441935,0.010471474679443876,0.008398653260823575,0.08226762686231057
0.40026519515550324,0.09468022442301659,0.07472528617213514,0.058786319325406185,0.03281206019102746,0.0390984881669186,0.031229519879753496,0.03755367070076197,0.01915561283632112,0.019887906192027873,0.01201787943309048,0.01044400567111568,0.010481888730909557,0.01058176336945314,0.012985100678843856,0.01328234719128058,0.01081373790071478,0.008417972473982863,0.01062656672191817,0.011058110117374006,0.08109634466841928
