P	C	A	G	I	L	V	M	F	W	P	C	S	T	Y	N	Q	H	K	R	D	E	
1		-1	-3	1	2	1	6	0	-2	-3	-2	-2	-1	-1	-2	0	-2	-2	-2	-3	-2	
2		0	-4	3	1	4	1	-1	-3	-3	-1	-2	0	-1	-3	-2	-3	-3	-3	-4	-3	
3		-2	-2	-4	-3	-3	-2	-1	-3	-2	-3	-1	-2	2	1	1	8	-1	0	-1	0	
4		-2	-4	2	4	1	2	0	-2	-3	-1	-3	-1	-1	-4	-2	-3	-3	-2	-4	-3	
5		0	-2	-1	-1	0	-1	-2	-3	-1	-1	2	5	-2	0	-1	-2	-1	-1	-1	-1	
6		-1	-2	-3	-3	-3	-3	-4	-4	8	-3	-1	-1	-3	-2	-1	-2	-1	-2	-2	-1	
7		-1	-2	-4	-3	-3	-2	-4	-3	-1	-4	0	-1	-2	0	2	0	1	0	2	6	
8		-1	-2	-4	-3	-3	-2	-4	-3	-1	-4	0	-1	-2	0	2	0	1	0	2	6	
9		-1	-2	-3	-3	-3	-2	-3	-3	-1	-3	0	-1	-2	0	1	-1	5	2	-1	1	
10		1	0	-3	-3	-2	-2	-3	-3	-1	-1	4	2	-2	1	0	-1	0	-1	0	0	
11		4	0	-1	-2	0	-1	-2	-3	-1	0	1	0	-2	-2	-1	-2	-1	-2	-2	-1	
12		0	-4	3	1	4	1	-1	-3	-3	-1	-2	0	-1	-3	-2	-3	-3	-3	-4	-3	
13		0	-2	-1	-1	0	-1	-2	-3	-1	-1	2	5	-2	0	-1	-2	-1	-1	-1	-1	
14		4	0	-1	-2	0	-1	-2	-3	-1	0	1	0	-2	-2	-1	-2	-1	-2	-2	-1	
15		-2	-4	2	4	1	2	0	-2	-3	-1	-3	-1	-1	-4	-2	-3	-3	-2	-4	-3	
16		-3	-3	-3	-2	-3	-2	1	12	-4	-3	-3	-3	2	-4	-2	-3	-3	-3	-5	-3	
17		0	6	-4	-4	-4	-3	-3	-3	-2	-3	0	-2	-3	0	-2	-2	-2	-3	-1	-2	
18		-1	-2	-3	-3	-3	-2	-3	-3	-1	-3	0	-1	-2	0	1	-1	5	2	-1	1	
19		0	-4	3	1	4	1	-1	-3	-3	-1	-2	0	-1	-3	-2	-3	-3	-3	-4	-3	
20		-2	0	-4	-4	-3	-2	-3	-4	-2	-3	1	0	-2	6	0	1	0	0	1	0	
21		0	-4	3	1	4	1	-1	-3	-3	-1	-2	0	-1	-3	-2	-3	-3	-3	-4	-3	
22		-2	-1	-4	-4	-4	-3	-4	-5	-2	-4	0	-1	-3	1	0	-1	-1	-2	6	2	
23		-1	-2	-4	-3	-3	-2	-4	-3	-1	-4	0	-1	-2	0	2	0	1	0	2	6	
24		0	-4	3	1	4	1	-1	-3	-3	-1	-2	0	-1	-3	-2	-3	-3	-3	-4	-3	
25		0	6	-4	-4	-4	-3	-3	-3	-2	-3	0	-2	-3	0	-2	-2	-2	-3	-1	-2	
26		0	6	-4	-4	-4	-3	-3	-3	-2	-3	0	-2	-3	0	-2	-2	-2	-3	-1	-2	
27		-1	-2	-4	-3	-3	-2	-4	-3	-1	-4	0	-1	-2	0	2	0	1	0	2	6	
28		4	0	-1	-2	0	-1	-2	-3	-1	0	1	0	-2	-2	-1	-2	-1	-2	-2	-1	
29		-2	-4	2	4	1	2	0	-2	-3	-1	-3	-1	-1	-4	-2	-3	-3	-2	-4	-3	
30		0	6	-4	-4	-4	-3	-3	-3	-2	-3	0	-2	-3	0	-2	-2	-2	-3	-1	-2	
31		-2	-3	-3	-2	-3	-2	-3	-3	-2	-4	-1	-1	-2	0	1	0	2	6	-2	0	
32		-2	-4	2	4	1	2	0	-2	-3	-1	-3	-1	-1	-4	-2	-3	-3	-2	-4	-3	
33		-2	-4	2	4	1	2	0	-2	-3	-1	-3	-1	-1	-4	-2	-3	-3	-2	-4	-3	
34		0	-4	3	1	4	1	-1	-3	-3	-1	-2	0	-1	-3	-2	-3	-3	-3	-4	-3	
35		0	-4	3	1	4	1	-1	-3	-3	-1	-2	0	-1	-3	-2	-3	-3	-3	-4	-3	
36		-2	-3	-1	-1	-1	-1	3	2	-3	-3	-2	-2	7	-2	-2	2	-2	-2	-3	-2	
37		-1	-2	-3	-3	-3	-3	-4	-4	8	-3	-1	-1	-3	-2	-1	-2	-1	-2	-2	-1	
38		-3	-3	-3	-2	-3	-2	1	12	-4	-3	-3	-3	2	-4	-2	-3	-3	-3	-5	-3	
39		0	-2	-1	-1	0	-1	-2	-3	-1	-1	2	5	-2	0	-1	-2	-1	-1	-1	-1	
40		-1	-2	-3	-2	-2	0	-4	-2	-1	-3	0	-1	-2	0	6	1	1	1	0	2	
41		-2	-3	-3	-2	-3	-2	-3	-3	-2	-4	-1	-1	-2	0	1	0	2	6	-2	0	
42		-2	-3	0	0	-1	0	7	1	-4	-3	-3	-2	3	-3	-4	-1	-3	-3	-4	-4	
43		-2	-3	0	0	-1	0	7	1	-4	-3	-3	-2	3	-3	-4	-1	-3	-3	-4	-4	
44		-1	-2	-4	-3	-3	-2	-4	-3	-1	-4	0	-1	-2	0	2	0	1	0	2	6	
45		1	0	-3	-3	-2	-2	-3	-3	-1	-1	4	2	-2	1	0	-1	0	-1	0	0	
46		-2	-3	0	0	-1	0	7	1	-4	-3	-3	-2	3	-3	-4	-1	-3	-3	-4	-4	
47		0	6	-4	-4	-4	-3	-3	-3	-2	-3	0	-2	-3	0	-2	-2	-2	-3	-1	-2	
48		-2	-1	-4	-4	-4	-3	-4	-5	-2	-4	0	-1	-3	1	0	-1	-1	-2	6	2	
49		-2	-4	2	4	1	2	0	-2	-3	-1	-3	-1	-1	-4	-2	-3	-3	-2	-4	-3	
50		1	0	-3	-3	-2	-2	-3	-3	-1	-1	4	2	-2	1	0	-1	0	-1	0	0	
51		0	-2	-1	-1	0	-1	-2	-3	-1	-1	2	5	-2	0	-1	-2	-1	-1	-1	-1	
52		-1	-2	-3	-3	-3	-3	-4	-4	8	-3	-1	-1	-3	-2	-1	-2	-1	-2	-2	-1	
53		-2	-1	-4	-4	-4	-3	-4	-5	-2	-4	0	-1	-3	1	0	-1	-1	-2	6	2	
54		4	0	-1	-2	0	-1	-2	-3	-1	0	1	0	-2	-2	-1	-2	-1	-2	-2	-1	
55		0	-4	3	1	4	1	-1	-3	-3	-1	-2	0	-1	-3	-2	-3	-3	-3	-4	-3	
56		-1	-3	1	2	1	6	0	-2	-3	-2	-2	-1	-1	-2	0	-2	-2	-2	-3	-2	
57		0	6	-4	-4	-4	-3	-3	-3	-2	-3	0	-2	-3	0	-2	-2	-2	-3	-1	-2	
58		-2	0	-4	-4	-3	-2	-3	-4	-2	-3	1	0	-2	6	0	1	0	0	1	0	
59		-1	-2	-3	-3	-3	-3	-4	-4	8	-3	-1	-1	-3	-2	-1	-2	-1	-2	-2	-1	
60		-1	-2	-3	-3	-3	-2	-3	-3	-1	-3	0	-1	-2	0	1	-1	5	2	-1	1	
61		0	-4	3	1	4	1	-1	-3	-3	-1	-2	0	-1	-3	-2	-3	-3	-3	-4	-3	
62		-1	-2	-3	-3	-3	-2	-3	-3	-1	-3	0	-1	-2	0	1	-1	5	2	-1	1	
63		4	0	-1	-2	0	-1	-2	-3	-1	0	1	0	-2	-2	-1	-2	-1	-2	-2	-1	
64		-2	-2	-4	-3	-3	-2	-1	-3	-2	-3	-1	-2	2	1	1	8	-1	0	-1	0	
65		0	6	-4	-4	-4	-3	-3	-3	-2	-3	0	-2	-3	0	-2	-2	-2	-3	-1	-2	
66		-1	-2	-3	-3	-3	-2	-3	-3	-1	-3	0	-1	-2	0	1	-1	5	2	-1	1	
67		-1	-2	-3	-3	-3	-2	-3	-3	-1	-3	0	-1	-2	0	1	-1	5	2	-1	1	
68		0	-4	3	1	4	1	-1	-3	-3	-1	-2	0	-1	-3	-2	-3	-3	-3	-4	-3	
69		-2	-4	2	4	1	2	0	-2	-3	-1	-3	-1	-1	-4	-2	-3	-3	-2	-4	-3	
70		0	6	-4	-4	-4	-3	-3	-3	-2	-3	0	-2	-3	0	-2	-2	-2	-3	-1	-2	
71		4	0	-1	-2	0	-1	-2	-3	-1	0	1	0	-2	-2	-1	-2	-1	-2	-2	-1	
72		-2	-3	0	0	-1	0	7	1	-4	-3	-3	-2	3	-3	-4	-1	-3	-3	-4	-4	
73		1	0	-3	-3	-2	-2	-3	-3	-1	-1	4	2	-2	1	0	-1	0	-1	0	0	
74		-2	-1	-4	-4	-4	-3	-4	-5	-2	-4	0	-1	-3	1	0	-1	-1	-2	6	2	
75		0	6	-4	-4	-4	-3	-3	-3	-2	-3	0	-2	-3	0	-2	-2	-2	-3	-1	-2	
76		-2	-4	2	4	1	2	0	-2	-3	-1	-3	-1	-1	-4	-2	-3	-3	-2	-4	-3	
77		4	0	-1	-2	0	-1	-2	-3	-1	0	1	0	-2	-2	-1	-2	-1	-2	-2	-1	
78		-2	-2	-4	-3	-3	-2	-1	-3	-2	-3	-1	-2	2	1	1	8	-1	0	-1	0	
79		-2	-4	2	4	1	2	0	-2	-3	-1	-3	-1	-1	-4	-2	-3	-3	-2	-4	-3	
80		-2	-1	-4	-4	-4	-3	-4	-5	-2	-4	0	-1	-3	1	0	-1	-1	-2	6	2	
81		-2	0	-4	-4	-3	-2	-3	-4	-2	-3	1	0	-2	6	0	1	0	0	1	0	
82		-2	-4	2	4	1	2	0	-2	-3	-1	-3	-1	-1	-4	-2	-3	-3	-2	-4	-3	
83		-1	-2	-3	-3	-3	-2	-3	-3	-1	-3	0	-1	-2	0	1	-1	5	2	-1	1	
84		0	6	-4	-4	-4	-3	-3	-3	-2	-3	0	-2	-3	0	-2	-2	-2	-3	-1	-2	
85		0	-2	-1	-1	0	-1	-2	-3	-1	-1	2	5	-2	0	-1	-2	-1	-1	-1	-1	
86		-2	-3	0	0	-1	0	7	1	-4	-3	-3	-2	3	-3	-4	-1	-3	-3	-4	-4	
87		4	0	-1	-2	0	-1	-2	-3	-1	0	1	0	-2	-2	-1	-2	-1	-2	-2	-1	
88		0	-2	-1	-1	0	-1	-2	-3	-1	-1	2	5	-2	0	-1	-2	-1	-1	-1	-1	
89		-2	-4	2	4	1	2	0	-2	-3	-1	-3	-1	-1	-4	-2	-3	-3	-2	-4	-3	
90		1	0	-3	-3	-2	-2	-3	-3	-1	-1	4	2	-2	1	0	-1	0	-1	0	0	
91		-1	-2	-4	-3	-3	-2	-4	-3	-1	-4	0	-1	-2	0	2	0	1	0	2	6	
92		-2	-4	2	4	1	2	0	-2	-3	-1	-3	-1	-1	-4	-2	-3	-3	-2	-4	-3	
93		-2	-2	-4	-3	-3	-2	-1	-3	-2	-3	-1	-2	2	1	1	8	-1	0	-1	0	
94		0	-3	-1	-1	-1	-2	-3	-3	-3	10	-1	-1	-3	-3	-3	-3	-3	-4	-4	-4	
95		-2	-1	-4	-4	-4	-3	-4	-5	-2	-4	0	-1	-3	1	0	-1	-1	-2	6	2	
96		-1	-2	-3	-3	-3	-2	-3	-3	-1	-3	0	-1	-2	0	1	-1	5	2	-1	1	
97		-2	-4	2	4	1	2	0	-2	-3	-1	-3	-1	-1	-4	-2	-3	-3	-2	-4	-3	
98		-2	-2	-4	-3	-3	-2	-1	-3	-2	-3	-1	-2	2	1	1	8	-1	0	-1	0	
99		0	-4	3	1	4	1	-1	-3	-3	-1	-2	0	-1	-3	-2	-3	-3	-3	-4	-3	
100		-2	-1	-4	-4	-4	-3	-4	-5	-2	-4	0	-1	-3	1	0	-1	-1	-2	6	2	
101		-1	-2	-3	-3	-3	-3	-4	-4	8	-3	-1	-1	-3	-2	-1	-2	-1	-2	-2	-1	
102		-1	-2	-4	-3	-3	-2	-4	-3	-1	-4	0	-1	-2	0	2	0	1	0	2	6	
103		-2	0	-4	-4	-3	-2	-3	-4	-2	-3	1	0	-2	6	0	1	0	0	1	0	
104		-2	-3	0	0	-1	0	7	1	-4	-3	-3	-2	3	-3	-4	-1	-3	-3	-4	-4	
105		-1	-2	-3	-3	-3	-2	-3	-3	-2	-4	-1	-1	-2	0	1	-1	4	5	-1	0	
106		-2	-4	2	4	1	2	0	-2	-3	-1	-3	-1	-1	-4	-2	-3	-3	-2	-4	-3	
107		-2	-4	2	4	1	2	0	-2	-3	-1	-3	-1	-1	-4	-2	-3	-3	-2	-4	-3	
108		0	6	-4	-4	-4	-3	-3	-3	-2	-3	0	-2	-3	0	-2	-2	-2	-3	-1	-2	
109		-2	0	-4	-4	-3	-2	-3	-4	-2	-3	1	0	-2	6	0	1	0	0	1	0	
110		0	-4	3	1	4	1	-1	-3	-3	-1	-2	0	-1	-3	-2	-3	-3	-3	-4	-3	
111		-2	-4	2	4	1	2	0	-2	-3	-1	-3	-1	-1	-4	-2	-3	-3	-2	-4	-3	
112		0	-4	3	1	4	1	-1	-3	-3	-1	-2	0	-1	-3	-2	-3	-3	-3	-4	-3	
113		0	-3	-1	-1	-1	-2	-3	-3	-3	10	-1	-1	-3	-3	-3	-3	-3	-4	-4	-4	
114		0	-4	3	1	4	1	-1	-3	-3	-1	-2	0	-1	-3	-2	-3	-3	-3	-4	-3	
115		-2	-4	2	4	1	2	0	-2	-3	-1	-3	-1	-1	-4	-2	-3	-3	-2	-4	-3	
116		4	0	-1	-2	0	-1	-2	-3	-1	0	1	0	-2	-2	-1	-2	-1	-2	-2	-1	
117		-2	-2	-4	-3	-3	-2	-1	-3	-2	-3	-1	-2	2	1	1	8	-1	0	-1	0	
118		-2	-2	-4	-3	-3	-2	-1	-3	-2	-3	-1	-2	2	1	1	8	-1	0	-1	0	
119		-2	-3	0	0	-1	0	7	1	-4	-3	-3	-2	3	-3	-4	-1	-3	-3	-4	-4	
120		0	6	-4	-4	-4	-3	-3	-3	-2	-3	0	-2	-3	0	-2	-2	-2	-3	-1	-2	
121		-1	-2	-3	-3	-3	-2	-3	-3	-1	-3	0	-1	-2	0	1	-1	5	2	-1	1	
122		-1	-2	-4	-3	-3	-2	-4	-3	-1	-4	0	-1	-2	0	2	0	1	0	2	6	
123		-2	-3	0	0	-1	0	7	1	-4	-3	-3	-2	3	-3	-4	-1	-3	-3	-4	-4	
124		0	-2	-1	-1	0	-1	-2	-3	-1	-1	2	5	-2	0	-1	-2	-1	-1	-1	-1	
125		-1	-2	-3	-3	-3	-3	-4	-4	8	-3	-1	-1	-3	-2	-1	-2	-1	-2	-2	-1	
126		-1	-2	-3	-3	-3	-3	-4	-4	8	-3	-1	-1	-3	-2	-1	-2	-1	-2	-2	-1	
127		0	-4	3	1	4	1	-1	-3	-3	-1	-2	0	-1	-3	-2	-3	-3	-3	-4	-3	
128		-1	-2	-3	-2	-2	0	-4	-2	-1	-3	0	-1	-2	0	6	1	1	1	0	2	
129		4	0	-1	-2	0	-1	-2	-3	-1	0	1	0	-2	-2	-1	-2	-1	-2	-2	-1	
130		4	0	-1	-2	0	-1	-2	-3	-1	0	1	0	-2	-2	-1	-2	-1	-2	-2	-1	
131		-2	-3	-1	-1	-1	-1	3	2	-3	-3	-2	-2	7	-2	-2	2	-2	-2	-3	-2	
132		-1	-2	-3	-2	-2	0	-4	-2	-1	-3	0	-1	-2	0	6	1	1	1	0	2	
133		-1	-2	-3	-3	-3	-2	-3	-3	-1	-3	0	-1	-2	0	1	-1	5	2	-1	1	
134		0	-4	3	1	4	1	-1	-3	-3	-1	-2	0	-1	-3	-2	-3	-3	-3	-4	-3	
135		0	-4	3	1	4	1	-1	-3	-3	-1	-2	0	-1	-3	-2	-3	-3	-3	-4	-3	
136		4	0	-1	-2	0	-1	-2	-3	-1	0	1	0	-2	-2	-1	-2	-1	-2	-2	-1	
137		0	6	-4	-4	-4	-3	-3	-3	-2	-3	0	-2	-3	0	-2	-2	-2	-3	-1	-2	
138		0	-4	3	1	4	1	-1	-3	-3	-1	-2	0	-1	-3	-2	-3	-3	-3	-4	-3	
139		4	0	-1	-2	0	-1	-2	-3	-1	0	1	0	-2	-2	-1	-2	-1	-2	-2	-1	
140		-2	0	-4	-4	-3	-2	-3	-4	-2	-3	1	0	-2	6	0	1	0	0	1	0	
141		4	0	-1	-2	0	-1	-2	-3	-1	0	1	0	-2	-2	-1	-2	-1	-2	-2	-1	
142		-2	-4	2	4	1	2	0	-2	-3	-1	-3	-1	-1	-4	-2	-3	-3	-2	-4	-3	
143		4	0	-1	-2	0	-1	-2	-3	-1	0	1	0	-2	-2	-1	-2	-1	-2	-2	-1	
144		-2	-2	-4	-3	-3	-2	-1	-3	-2	-3	-1	-2	2	1	1	8	-1	0	-1	0	
145		-1	-2	-3	-3	-3	-2	-3	-3	-1	-3	0	-1	-2	0	1	-1	5	2	-1	1	
146		-2	-3	-1	-1	-1	-1	3	2	-3	-3	-2	-2	7	-2	-2	2	-2	-2	-3	-2	
147		-2	-2	-4	-3	-3	-2	-1	-3	-2	-3	-1	-2	2	1	1	8	-1	0	-1	0	
