0,-1.2608154074632252
0,-1.2671413783279226
0,-1.1017527751553553
0,-1.125638215094715
0,-1.1337077803464697
0,-1.1277154928820918
0,-1.1017527751553553
0,-1.2801517801885764
0,-1.1290689093106019
0,-1.1798907904552658
0,-1.1430842247947377
0,-1.261837288940884
0,-1.0770864870240227
0,-1.084151330933344
0,-1.222943169919966
0,-1.081648316653496
0,-1.1093327898554892
0,-1.2172067581012977
0,-1.2130858986441038
0,-1.1017527751553553
0,-1.0775951619674826
0,-1.1099272739550892
0,-1.1879222879696265
0,-1.1857655495160706
0,-1.1238344900048183
0,-1.1150942356920839
0,-1.0936866158784868
0,-1.1101006185832187
0,-1.124865862814278
0,-1.1938478348280452
0,-1.1093730055338007
0,-1.2545157559531754
0,-1.1251371034441449
0,-1.0957280274497514
0,-1.2121042959984918
0,-1.115362729958412
0,-1.136645287847174
0,-1.1265299285098915
0,-1.225053866277998
0,-1.2813403932709297
0,-1.0836759640505131
0,-1.1198404713011516
0,-1.1362213854852992
0,-1.1181757766139502
0,-1.0852940060433953
0,-1.1211686135444003
0,-1.1017527751553553
0,-1.0957280274497514
0,-1.1752799304414103
0,-1.076071230664984
0,-1.0957280274497514
0,-1.2023599451648421
0,-1.0765038902801816
0,-1.0682193220333642
0,-1.1017527751553553
0,-1.216505837097548
0,-1.0944795198568291
0,-1.083123535529379
0,-1.1352690123480211
0,-1.2414627882931057
0,-1.1006754229723954
0,-1.1024427168103463
0,-1.1231074202256586
0,-1.0858770470445396
0,-1.1282315862441132
0,-1.2259423613004108
0,-1.2374591330671747
0,-1.1306177118242682
0,-1.1922237812293872
0,-1.1377210464011942
0,-1.0752665783353288
0,-1.2370506988834684
0,-1.0853892025511478
0,-1.1108199191787866
0,-1.1516294646735872
0,-1.086020406272555
0,-1.4121674637735986
0,-1.1271605863828575
0,-1.0853892025511478
0,-1.083657413821528
0,-1.1017527751553553
0,-1.0852933233337834
0,-1.19991258620767
0,-1.2396451530283117
0,-1.137218844679139
0,-1.1922636954347798
0,-1.0731425201590448
0,-1.0765038902801816
0,-1.0859795128853547
0,-1.2217860359812722
0,-1.1099219360693873
0,-1.1544788748185293
0,-1.2344775937869052
0,-1.0770864870240227
0,-1.2403847720907397
0,-1.1063988450912705
0,-1.1220158806624592
0,-1.1283739806609703
0,-1.1374786079562567
0,-1.1907776303335533
0,-1.1278767641798424
0,-1.3650107027468543
0,-1.0770864870240227
0,-1.2007616476990484
0,-1.1852617113965036
0,-1.1951035451463001
0,-1.1298742127300816
0,-1.0802199926681868
0,-1.1199766053726334
0,-1.1161950036179502
0,-1.117013390662297
0,-1.1270187254460269
0,-1.122536786138666
0,-1.1540703523672795
0,-1.2557435558202688
0,-1.1156721479409115
0,-1.101871202416321
0,-1.0840682612863068
0,-1.0833895389184725
0,-1.0990492682234356
0,-1.0691431364854378
0,-1.0718656119090808
0,-1.1074294105612565
0,-1.1316938324319485
0,-1.1417163343314114
0,-1.2722056929418184
0,-1.0754191787619742
0,-1.0860328712372815
0,-1.0733369551548322
0,-1.0957280274497514
0,-1.0765038902801816
0,-1.0765038902801816
0,-1.0998563593868727
0,-1.0953347567694778
0,-1.0996181792846076
0,-1.1248577579481949
0,-1.1112211011937665
0,-1.1374738047691075
0,-1.0798859962551304
0,-1.1157179078932178
0,-1.0991209682606602
0,-1.122711304569449
0,-1.1852472740794506
0,-1.1295003750832489
0,-1.1368300401294538
0,-1.1017527751553553
0,-1.1134867879090127
0,-1.1232200759811573
0,-1.0962450776671646
0,-1.2729513361634237
0,-1.0743745098931816
0,-1.1105140802487097
0,-1.1221810670605274
0,-1.2462988642418813
0,-1.2275381715363718
0,-1.1297425936805592
0,-1.0968485709146443
0,-1.1855138046034133
0,-1.1181546089754268
0,-1.2628408128736885
0,-1.2633259579567586
0,-1.104323125140708
0,-1.1886550752833056
0,-1.1406445403743886
0,-1.2094528927137786
0,-1.1872272169235192
0,-1.1782942422729208
0,-1.1012518591237241
0,-1.214645970520275
0,-1.1556823333482962
0,-1.1012518591237241
0,-1.0881136306813493
0,-1.1304434230994538
0,-1.2599968238632426
0,-1.2756128473451813
0,-1.2143669550087763
0,-1.1838057836515936
0,-1.2387520473786262
0,-1.2140249188178462
0,-1.124247707724366
0,-1.1913083984953443
0,-1.1164248393159943
0,-1.1012518591237241
0,-1.121766391143861
0,-1.1012518591237241
0,-1.1064036671654913
0,-1.0957280274497514
0,-1.1729457867580653
0,-1.1050577869175917
0,-1.1012518591237241
0,-1.0855565079111638
0,-1.1088094605253473
0,-1.2416274961900895
0,-1.124039699137346
0,-1.1242761775940449
0,-1.0991209682606602
0,-1.0957280274497514
0,-1.06732254330199
0,-1.2369728346808675
0,-1.1223912442033235
0,-1.1212649344844823
0,-1.1046758912686114
0,-1.1259082718639786
0,-1.188183865251359
0,-1.2498036460667916
0,-1.1903014700765275
0,-1.1120847004588141
0,-1.1017527751553553
0,-1.1246359602785547
0,-1.130930808578078
0,-1.1244107564729673
0,-1.171881179280628
0,-1.1071701688035611
0,-1.0856399152500809
0,-1.0770864870240227
0,-1.130703227445529
0,-1.0695493719813285
0,-1.0957280274497514
0,-1.20468923921545
0,-1.134221289317008
0,-1.0687717581326643
0,-1.1240856822965755
0,-1.0926757228499762
0,-1.2402129156401624
0,-1.0732938976538682
0,-1.0845726744198176
0,-1.1017527751553553
0,-1.104323125140708
0,-1.0855457887091808
0,-1.122524385054284
0,-1.0875524829483418
0,-1.2583983198872961
0,-1.2365198485840554
0,-1.1026258747150688
0,-1.1247654342569422
0,-1.170295275180978
0,-1.2092761402111216
0,-1.096180721854056
0,-1.1071201561686816
0,-1.109339756585525
0,-1.1554012411961725
0,-1.1179042961309371
0,-1.1249206754818326
0,-1.12498383166546
0,-1.0669255676409404
0,-1.0765038902801816
0,-1.2958598160757917
0,-1.2998726666147267
0,-1.286146289985013
0,-1.6021555778927905
0,-1.1947590956833298
0,-1.0916444112471173
0,-1.1338400723914146
0,-1.1017527751553553
0,-1.1892865568088797
0,-1.1245666638538552
0,-1.1383191281751883
0,-1.1206960670332358
0,-1.1333134288214013
0,-1.124663589426513
0,-1.0814149509491129
1,-1.3725109988392186
1,-1.063128993922042
1,-1.2433542957171189
1,-1.395910151875757
1,-1.0170705707388878
1,-1.0299215907984476
1,-1.2180273821674883
1,-1.1607861827641883
1,-1.2925041868095575
1,-1.2860070697945885
1,-1.4078439378116339
1,-1.3766389184767667
1,-1.165324254430155
1,-1.3897287751269884
1,-1.2884948466785597
1,-1.3483328465046875
1,-1.5034976984225994
1,-1.2437380675000977
1,-1.2148542633188382
1,-1.375153741567295
1,-0.995529484208572
1,-1.3507674343781224
1,-1.375153741567295
1,-1.1116464378823234
1,-1.1578005270507372
1,-1.311311643633486
1,-1.025174377049053
1,-1.375153741567295
1,-1.0729265052442103
1,-1.395910151875757
1,-1.3901025216558829
1,-1.2891314104429765
1,-0.969909374870194
1,-1.2437380675000977
1,-1.548686866126854
1,-1.3072303203615474
1,-1.0170705707388878
1,-1.8093578399189625
1,-1.2620994846162148
1,-1.3015105901290687
1,-1.310375276767736
1,-1.1607861827641883
1,-1.5009268338404533
1,-1.3007704937195832
1,-1.1607861827641883
1,-1.395910151875757
1,-1.375153741567295
1,-1.4520742781616127
1,-1.1607861827641883
1,-1.375153741567295
1,-1.2237897997349814
1,-1.2929910587202418
1,-1.1526195349060837
1,-1.3017258958143056
1,-1.1542539548416706
1,-1.0075096469858944
1,-1.2911540122438072
1,-1.3703575771739922
1,-1.0299215907984476
1,-1.132781122731744
1,-1.0299215907984476
1,-1.409380660680875
1,-1.1607861827641883
1,-1.3009906258640096
1,-1.3483328465046875
1,-1.0170705707388878
1,-1.1670934874571954
1,-1.3046166055982298
1,-1.548686866126854
1,-1.0170705707388878
1,-1.2911540122438072
1,-1.1607861827641883
1,-1.1989356177412671
1,-1.4994350985390967
1,-1.2886231439020885
1,-1.0724682667347227
1,-1.1116464378823234
1,-1.1647205228042634
1,-1.5049934583201516
1,-0.995529484208572
1,-1.3950266140176155
1,-1.0299215907984476
1,-1.548686866126854
1,-1.360777573123515
1,-1.374803222915458
1,-1.4217752985887957
1,-1.3849144233863762
1,-1.1744375093148967
1,-1.8079088218820574
1,-1.3962022995567134
1,-1.2562747022904663
1,-1.4066703259267745
1,-1.2633365691880873
1,-1.165324254430155
1,-1.3487659561606526
1,-1.4520742781616127
1,-0.969909374870194
1,-1.3703575771739922
1,-1.8093578399189625
1,-1.3962022995567134
1,-1.0113488806567015
1,-1.5011927421359774
1,-1.3479358027833346
1,-1.0299215907984476
1,-0.9932229512233912
1,-0.848013385052713
1,-1.4990866199722044
1,-1.1744375093148967
1,-1.5105158797247904
1,-1.3962022995567134
1,-1.2832260667615836
1,-1.1739755563777412
1,-0.9932229512233912
1,-1.503855395075977
1,-1.4520742781616127
1,-1.2967748973040516
1,-0.8158580038987229
1,-1.2437380675000977
1,-1.1647205228042634
1,-1.3962022995567134
1,-1.8093578399189625
1,-1.3703575771739922
1,-0.7770856329678582
1,-1.1116464378823234
1,-0.8104631716022099
1,-1.3483328465046875
1,-1.548686866126854
1,-1.214195077287687
1,-1.501763877836839
1,-1.1443308608375165
1,-1.0299215907984476
1,-1.503855395075977
1,-1.3046166055982298
1,-1.3977835280940882
1,-1.2478468493443111
1,-1.3627979685872873
1,-1.0798618328529643
1,-1.375153741567295
1,-1.301571037826147
1,-1.3962022995567134
1,-1.2812026593935824
1,-0.969909374870194
1,-1.3877460670682418
1,-1.0401712552302338
1,-1.2437380675000977
1,-1.1989356177412671
1,-1.3771113120418468
1,-1.3766389184767667
1,-1.2485916051094657
1,-1.147773336671322
1,-1.1513951244608172
1,-1.0170705707388878
1,-1.4993799014382887
1,-1.1372023141466423
1,-1.1733200757405673
1,-1.3263928837399603
1,-1.1837903470308908
1,-1.0238097050760375
1,-0.995529484208572
1,-1.165324254430155
1,-0.9932229512233912
1,-1.0299215907984476
1,-1.3487659561606526
1,-1.1476827942822416
1,-1.3487659561606526
1,-1.1482527251346437
1,-1.2925041868095575
1,-1.4993799014382887
1,-1.3820603501527153
1,-1.2832260667615836
1,-1.2592302005988896
1,-0.9932229512233912
1,-1.374803222915458
1,-1.3827825063297057
1,-1.2146083453302425
1,-1.298716363524494
1,-1.2437380675000977
1,-1.0238097050760375
1,-1.5039860674733176
1,-1.548686866126854
1,-1.1739755563777412
1,-1.375153741567295
1,-1.3397805400490552
1,-1.1837903470308908
1,-1.8079088218820574
1,-1.0170705707388878
1,-1.1526195349060837
1,-1.0170705707388878
1,-1.3627979685872873
1,-1.0170705707388878
1,-1.3849144233863762
1,-1.18114372459539
1,-1.025174377049053
1,-1.288001966817616
1,-1.1607861827641883
1,-1.233313010234748
1,-1.3075330193474741
1,-1.2437380675000977
1,-1.0113488806567015
1,-1.1526195349060837
1,-1.3119812374050255
1,-1.204155014684862
1,-1.38852982213265
1,-1.8093578399189625
1,-1.3007704937195832
1,-1.1647205228042634
1,-1.3505746688380051
1,-1.2377296299636331
1,-1.395121140013813
1,-1.2449503492976348
1,-1.3487613069789763
1,-1.503681151249856
1,-1.238878262878269
1,-1.1385135362976122
1,-0.9932229512233912
1,-1.5023427487567278
1,-1.3398545255442122
1,-1.1390316930844793
1,-1.3733495544617587
1,-1.120280913359233
1,-1.1441373639805235
1,-1.175695316955178
1,-1.1162710159615727
1,-1.4992729671954286
1,-1.1989356177412671
1,-1.248479189993767
1,-1.0170705707388878
1,-1.2178814079996874
1,-1.3007704937195832
1,-1.3960019835024418
1,-1.3685953162077562
1,-1.1647205228042634
1,-1.2884948466785597
1,-1.3046166055982298
1,-1.2679774537602044
1,-1.298716363524494
1,-1.395910151875757
1,-1.3009906258640096
1,-1.3009922412673014
1,-1.3962022995567134
1,-1.3487659561606526
1,-1.1670934874571954
1,-1.105718002215326
1,-1.2562747022904663
1,-0.8613597923377366
1,-1.5038445951860173
1,-1.3119812374050255
1,-1.2953925953737648
1,-1.3036524336015822
1,-1.460609289391936
1,-1.2921496101375676
1,-1.503855395075977
1,-0.995529484208572
1,-1.1639273560714694
1,-1.8093578399189625
1,-1.287425394861155
1,-1.3017258958143056
1,-1.2437380675000977
1,-1.3487659561606526
1,-1.0299215907984476
1,-1.2148542633188382
1,-1.165324254430155
1,-1.3412583680013654
1,-1.2884948466785597
1,-1.3605206798994458
1,-1.3483328465046875
1,-1.4996150400541866
1,-1.3849257982825838
1,-1.5011617593806454
1,-1.2437380675000977
1,-1.5040949711037161
1,-1.2884948466785597
1,-1.1913177559231112
1,-1.1116464378823234
1,-1.1441373639805235
1,-1.2863845633599178
1,-1.2620994846162148
1,-1.460609289391936
1,-1.375153741567295
1,-1.3007704937195832
1,-1.2891314104429765
1,-1.1617061924631957
1,-1.1913177559231112
1,-1.0299215907984476
1,-1.2437380675000977
1,-1.3627979685872873
1,-1.375153741567295
1,-1.3411938122868865
1,-1.3075330193474741
1,-1.1607861827641883
1,-1.4117019192338776
1,-1.1607861827641883
1,-1.3036524336015822
1,-1.1578005270507372
1,-1.3895486900016876
1,-1.132781122731744
1,-1.4520742781616127
1,-1.4656438060129506
1,-1.0170705707388878
1,-1.1647205228042634
1,-1.3046166055982298
1,-1.0170705707388878
1,-1.2891314104429765
1,-1.3487659561606526
1,-1.2437380675000977
1,-1.3771113120418468
1,-1.375153741567295
1,-1.1913177559231112
1,-1.3483328465046875
1,-1.3962022995567134
1,-1.3036524336015822
1,-1.3072303203615474
1,-1.374803222915458
1,-1.1974981058090899
1,-1.1607861827641883
1,-1.1670934874571954
1,-1.3007704937195832
1,-1.4117019192338776
1,-1.5041951239698175
1,-1.132781122731744
1,-1.395910151875757
1,-1.2925041868095575
1,-1.0916651401277182
1,-1.375153741567295
1,-1.0299215907984476
1,-1.3820603501527153
1,-1.3977281702234945
1,-1.375153741567295
1,-1.395910151875757
1,-1.3962022995567134
1,-1.38852982213265
1,-1.3449401100189198
1,-1.1670934874571954
1,-1.3706461494058786
1,-0.9945941313279656
1,-1.3049993451373016
1,-0.9173336129327047
1,-0.9932229512233912
1,-1.2600615762482017
1,-1.298716363524494
1,-1.025174377049053
1,-0.9932229512233912
1,-1.3841169184771365
1,-1.1441373639805235
1,-1.1837903470308908
1,-1.0299215907984476
1,-1.3263649481994544
1,-1.1116464378823234
1,-1.3007704937195832
1,-1.2437380675000977
1,-1.1913177559231112
1,-1.3007704937195832
1,-1.5039297627981247
1,-1.298716363524494
1,-1.0030114654238949
1,-1.3766389184767667
1,-1.2911540122438072
1,-1.2048210348617443
1,-1.3487659561606526
1,-1.8093578399189625
1,-1.298716363524494
1,-1.0170705707388878
1,-1.375153741567295
1,-1.310770793939495
1,-0.995529484208572
1,-1.2884948466785597
1,-1.1607861827641883
1,-1.2600615762482017
1,-0.995529484208572
1,-1.3627979685872873
1,-1.1526195349060837
1,-1.3119812374050255
1,-1.4117019192338776
1,-1.3733495544617587
1,-1.1617061924631957
1,-1.548686866126854
1,-1.0299215907984476
1,-1.3627979685872873
1,-0.7770856329678582
1,-1.548686866126854
1,-1.2967748973040516
1,-1.375153741567295
1,-0.995529484208572
1,-1.0299215907984476
1,-1.3017258958143056
1,-1.4950895995039526
1,-1.3483328465046875
1,-1.2886231439020885
1,-1.2925041868095575
1,-1.5049907472937198
1,-1.2069799194883926
1,-1.3007704937195832
1,-1.2952150190099612
1,-1.2925041868095575
1,-1.1740962943898448
1,-1.3880739862692302
1,-1.1441373639805235
1,-0.9831942874808001
1,-1.5009268338404533
1,-1.375153741567295
1,-1.1116464378823234
1,-1.3471666870231582
1,-0.9932229512233912
1,-1.2437380675000977
1,-1.2092010489099982
1,-1.1200413740353203
1,-1.2863845633599178
1,-1.1383999384296772
1,-1.1372019269713314
1,-1.3930981082823284
1,-1.5052115121064256
1,-1.5089393216425986
1,-1.3627979685872873
1,-1.3771113120418468
1,-1.298648787217357
1,-1.1423969164888916
1,-1.3007704937195832
1,-0.9945941313279656
1,-1.242030177364188
1,-1.1578005270507372
1,-1.375153741567295
1,-1.4993799014382887
1,-1.0299215907984476
1,-1.3942386653257237
1,-1.1441373639805235
1,-1.3849257982825838
1,-0.995529484208572
1,-1.375153741567295
